6282111202134
6282111202135
6282111202136
6282111202137
6282111202138
6282111202144
6282111202145
6282111202149
6282111202150
6282111202151
6282111202248
6282111202252
6282111202253
6282111202256
6282111202257
6282111202258
6282111202264
6282111202267
6282111202269
6282111202217
6282111202219
6282111202543
6282111202544
6282111202773
6282111202816
6282111202819
6282111202820
6282111202832
6282111202835
6282111202837
6282111202838
6282111202841
6282111203062
6282111203063
6282111203064
6282111203074
6282111203046
6282111203050
6282111203051
6282111203052
6282111203053
6282111203075
6282111203085
6282111210686
6282111210692
6282111210694
6282111203028
6282111202718
6282111202595
6282111210652
6282111202658
6282111202655
6282111202694
6282111202695
6282111202696
6282111202613
6282111202525
6282111202536
6282111202538
6282111202539
6282111202523
6281295520073
6282111202432
6282111202434
6282111202436
6282111202437
6282111202438
6282111202647
6282111202644
6282111202993
6282111210640
6282111202983
6282111210644
6282111210546
6281295520066
6282111202995
6282111202978
6282111202382
6282111202667
6282111202650
6282111203032
6282111203045
6282111202949
6282111202944
6282111202951
6282111210586
6282111202679
6282111202680
6282111202683
6282111202685
6282111210884
6282111202600
6282111202416
6282111210565
6282111210567
6282111210570
6282111210572
6282111210573
6282111210574
6282111210575
6282111210576
6282111210577
6282111210583
6282111210585
6282111202420
6282111202581
6282111210504
6282111210506
6282111210509
6282111210512
6281295519707
6281295519721
6282111202620
6282111202622
6282111202624
6282111210845
6282111203039
6282111203043
6282111202451
6282111210533
6282111210544
6282111210547
6282111202241
6282111202243
6282111202246
6282111202247
6282111202726
6282111202734
6282111202735
6282111202738
6282111202739
6282111202743
6282111202745
6282111202747
6282111202748
6282111202749
6282111202750
6282111202753
6282111202755
6282111202756
6282111202758
6282111202759
6282111202760
6282111202761
6282111202762
6282111202764
6282111202768
6282111202770
6282111202815
6282111203065
6282111210680
6282111210689
6282111202709
6282111202986
6282111202528
6282111202530
6282111210762
6282111210766
6282111210767
6282111210769
6282111210770
6282111210776
6282111210782
6282111210783
6282111210605
6282111210802
6282111210803
6282111210805
6282111203022
6282111210696
6282111210703
6282111210704
6282111210705
6282111210706
6282111210712
6282111210719
6282111210731
6282111210733
6282111210736
6282111210738
6282111210739
6282111210744
6282111210745
6282111210757
6282111210868
6282111210869
6282111210870
6282111210871
6282111210872
6282111210873
6282111210876
6282111210877
6282111210879
6282111210883
6282111202608
6282111202609
6282111210690
6282111202892
6281385314230
6282111202606
6281388186831
6282111202529
6282111202648
6282111202385
6282111210551
6282111210902
6282111210904
6282111210906
6282111210907
6282111210908
6282111210909
6282111210910
6282111210912
6282111210913
6282111210914
6282111210916
6282111210917
6282111210919
6282111210920
6282111210923
6282111210926
6282111210927
6282111210928
6282111210929
6282111210930
6282111210931
6282111210932
6282111210935
6282111210936
6282111210939
6282111210941
6282138592332
6282111210827
6281295516984
6281295520035
6281295520075
6282111202480
6282111202673
6282111202417
6282111202507
6282111202786
6282111202788
6282111202798
6282111202803
6282111202804
6282111202810
6282111202811
6282111202155
6282111202180
6282111202189
6282111202846
6282111202850
6282111202851
6282111202858
6282111202861
6282111202866
6282111202867
6282111202869
6282111202872
6282111210424
6282111210425
6282111210430
6282111210431
6282111210436
6282111210437
6282111210441
6282111210442
6282111210443
6282111210445
6282111210447
6282111210448
6282111210449
6282111210450
6282111210452
6282111210453
6282111210457
6282111210459
6282111210461
6282111210463
6282111210465
6282111210466
6282111210471
6282111210472
6282111210473
6282111210476
6282111210488
6282111210489
6282111210492
6282111210493
6282111210494
6282111210495
6282111210497
6282111210498
6282111210502
6282111203104
6282111203121
6282111202896
6282111202594
6282111203004
6282111203027
6282111202412
